3.984400000000000000e+04
3.702000000000000000e+03
1.975999999999999773e+03
1.326000000000000000e+03
1.012000000000000000e+03
8.060000000000000000e+02
6.680000000000000000e+02
5.480000000000000000e+02
5.080000000000000000e+02
4.240000000000000000e+02
3.600000000000000000e+02
3.700000000000000000e+02
3.320000000000000000e+02
2.900000000000000000e+02
2.680000000000000000e+02
2.459999999999999716e+02
2.360000000000000000e+02
2.080000000000000000e+02
2.060000000000000000e+02
2.040000000000000000e+02
