1.244400000000000000e+04
1.174000000000000000e+03
6.060000000000000000e+02
4.160000000000000000e+02
3.280000000000000000e+02
2.640000000000000000e+02
2.180000000000000000e+02
1.920000000000000000e+02
1.700000000000000000e+02
1.500000000000000000e+02
1.380000000000000000e+02
1.180000000000000000e+02
1.080000000000000000e+02
1.020000000000000000e+02
9.800000000000000000e+01
9.400000000000000000e+01
9.200000000000000000e+01
8.800000000000000000e+01
8.800000000000000000e+01
8.200000000000000000e+01
