3.388800000000000000e+04
3.122000000000000000e+03
1.620000000000000000e+03
1.124000000000000000e+03
8.600000000000000000e+02
6.960000000000000000e+02
5.680000000000000000e+02
4.820000000000000000e+02
4.200000000000000000e+02
3.780000000000000000e+02
3.380000000000000000e+02
3.020000000000000000e+02
2.740000000000000000e+02
2.560000000000000000e+02
2.400000000000000000e+02
2.280000000000000000e+02
2.100000000000000000e+02
2.000000000000000000e+02
1.860000000000000000e+02
1.620000000000000000e+02
